acelerações = [-3.8384740767702152, -3.6755968092105897, -3.9520957694171317]
acserr = 0.11347567939281042
acmean = -3.8220555517993127
acmeanerr = 0.06551521404391476
